MEMORY  |ADDRESS|15|14|13|12|11|10|9 |8 |7 |6 |5 |4 |3 |2 |1 |0 |
-----------------------------------------------------------------
ROM     |0000   |0 |0 |0 |0 |0 |0 |0 |0 |0 |0 |0 |0 |0 |0 |0 |0 |
12KBytes|2FFF   |0 |0 |1 |0 |1 |1 |1 |1 |1 |1 |1 |1 |1 |1 |1 |1 |
-----------------------------------------------------------------
RAM1    |3000   |0 |0 |1 |1 |0 |0 |0 |0 |0 |0 |0 |0 |0 |0 |0 |0 |
4KBytes |3FFF   |0 |0 |1 |1 |1 |1 |1 |1 |1 |1 |1 |1 |1 |1 |1 |1 |
-----------------------------------------------------------------
RAM2    |4000   |0 |1 |0 |0 |0 |0 |0 |0 |0 |0 |0 |0 |0 |0 |0 |0 |
4KBytes |4FFF   |0 |1 |0 |0 |1 |1 |1 |1 |1 |1 |1 |1 |1 |1 |1 |1 |
-----------------------------------------------------------------
RAM3    |5000   |0 |1 |0 |1 |0 |0 |0 |0 |0 |0 |0 |0 |0 |0 |0 |0 |
4KBytes |5FFF   |0 |1 |0 |1 |1 |1 |1 |1 |1 |1 |1 |1 |1 |1 |1 |1 |
-----------------------------------------------------------------
ROM     |6000   |0 |1 |1 |0 |0 |0 |0 |0 |0 |0 |0 |0 |0 |0 |0 |0 |
4KBytes |6FFF   |0 |1 |1 |0 |1 |1 |1 |1 |1 |1 |1 |1 |1 |1 |1 |1 |
-----------------------------------------------------------------